2.778398673444836854e-03
2.778398673444836854e-03
2.778398673444836420e-03
2.778398673444833818e-03
2.778398673444827747e-03
2.778398673444805195e-03
2.778398673444733204e-03
2.778398673444506389e-03
2.778398673443815969e-03
2.778398673441776802e-03
2.778398673435973718e-03
2.778398673420053294e-03
2.778398673378005765e-03
2.778398673271189299e-03
2.778398673010358880e-03
2.778398672398409153e-03
2.778398671019422384e-03
2.778398668035539712e-03
2.778398661837106452e-03
2.778398649478690946e-03
2.778398625834940794e-03
2.778398582442221255e-03
2.778398506073963617e-03
2.778398377243283118e-03
2.778398169030375699e-03
2.778397846854420948e-03
2.778397369966082234e-03
2.778396695407719073e-03
2.778395784855300886e-03
2.778394614062032995e-03
2.778393183643409602e-03
2.778391528921673233e-03
2.778389725869940576e-03
2.778387890270576227e-03
2.778386168276988141e-03
2.778384718557984443e-03
2.778383688622931835e-03
2.778383189992555263e-03
2.778383277791051601e-03
2.778383939605447422e-03
2.778385096172745518e-03
2.778386613297008107e-03
2.778388321416542378e-03
2.778390037454731096e-03
2.778391583594741823e-03
2.778392799379417449e-03
2.778393546412307423e-03
2.778393707924892413e-03
2.778393187554905729e-03
2.778391912105140828e-03
2.778389841555828094e-03
2.778386986491872875e-03
2.778383429235287659e-03
2.778379341601315902e-03
2.778374990673238010e-03
2.778370725298607256e-03
2.778366940281332392e-03
2.778364021476258886e-03
2.778362281185639809e-03
2.778361897055409147e-03
2.778362867328006223e-03
2.778364990570868567e-03
2.778367870443696191e-03
2.778370938670283053e-03
2.778373485404771713e-03
2.778374687807132985e-03
2.778373634884915254e-03
2.778369357011772293e-03
2.778360877509197368e-03
2.778347306167456426e-03
2.778327986753331095e-03
2.778302691806080159e-03
2.778271832314735054e-03
2.778236625599150942e-03
2.778199152586578648e-03
2.778162244658008082e-03
2.778129172913725280e-03
2.778103162165436978e-03
2.778086802469549935e-03
2.778081463277259390e-03
2.778086814800548136e-03
2.778100526172761972e-03
2.778118154548529783e-03
2.778133189571865488e-03
2.778137201221819990e-03
2.778120071538307638e-03
2.778070365061187548e-03
2.777975976356311574e-03
2.777825235528697499e-03
2.777608604566045216e-03
2.777320933813596984e-03
2.776963989961876711e-03
2.776548689630244614e-03
2.776096289961402144e-03
2.775637813145612112e-03
2.775211275243224997e-03
2.774856812986101640e-03
2.774610410711362760e-03
2.774497412685017570e-03
2.774527168187731693e-03
2.774689905042797104e-03
2.774956325609054340e-03
2.775279679062119323e-03
2.775599470039437616e-03
2.775845762324740968e-03
2.775943326305917083e-03
2.775815553823498833e-03
2.775388828493725174e-03
2.774598504281860709e-03
2.773397473436470945e-03
2.771767368181772898e-03
2.769730926427721191e-03
2.767362469749180733e-03
2.764792487542085987e-03
2.762202609951889837e-03
2.759809012781908998e-03
2.757835179195213069e-03
2.756478069464401385e-03
2.755874036624343486e-03
2.756071418262885826e-03
2.757015357920126943e-03
2.758547478604643846e-03
2.760419505306692389e-03
2.762316993796714096e-03
2.763887968637764210e-03
2.764771938727192836e-03
2.764627073366461314e-03
2.763156151237110628e-03
2.760133731633129198e-03
2.755436614198688867e-03
2.749076757938000593e-03
2.741231401312529004e-03
2.732261181051233619e-03
2.722705818051845191e-03
2.713249744074415840e-03
2.704656465514860327e-03
2.697678388146310460e-03
2.692955448716326597e-03
2.690919066744349147e-03
2.691717011461891053e-03
2.695170571352190157e-03
2.700769413361505181e-03
2.707703241190839976e-03
2.714924124440245938e-03
2.721230355465798553e-03
2.725362778433655913e-03
2.726107645559664502e-03
2.722404421867200778e-03
2.713459244676856563e-03
2.698861647054722618e-03
2.678693036431259271e-03
2.653604176189783195e-03
2.624833000147448487e-03
2.594140114145063181e-03
2.563657754572964010e-03
2.535671253069234597e-03
2.512368915545824550e-03
2.495599121356614682e-03
2.486663302086232832e-03
2.486158072692464926e-03
2.493868136811712780e-03
2.508708783921498146e-03
2.528722494043102176e-03
2.551143859433244697e-03
2.572554343332219325e-03
2.589147141138875736e-03
2.597108237937081811e-03
2.593091620577376872e-03
2.574728535691846870e-03
2.541073894803974435e-03
2.492875988796276060e-03
2.432577996619572462e-03
2.364026731238489006e-03
2.291953867396108284e-03
2.221364526619069076e-03
2.156981171904495502e-03
2.102844239511117083e-03
2.062094848778568256e-03
2.036897420858942501e-03
2.028423222176993935e-03
2.036810965323159524e-03
2.061039017934025112e-03
2.098680385781040263e-03
2.145571237385478659e-03
2.195516234482575071e-03
2.240274311609682933e-03
2.270160792189189914e-03
2.275533459268206087e-03
2.249057026983468897e-03
2.188021127047207019e-03
2.095569223736631469e-03
1.980038152368564751e-03
1.852658853488118153e-03
1.724781077945657841e-03
1.605811819737021492e-03
1.502364830852476619e-03
1.418414766305972456e-03
1.355961862764490638e-03
1.315781207151457688e-03
1.298015251510089684e-03
1.302510019264152552e-03
1.328853242214900329e-03
1.376067227902274658e-03
1.441885016363987811e-03
1.521569205685829873e-03
1.606448910780996315e-03
1.682900948611807139e-03
1.733266296426307345e-03
1.740227865524048489e-03
1.693979820957373017e-03
1.597781944314997449e-03
1.467001736281365633e-03
1.322083171473847213e-03
1.180970935966734392e-03
1.055366281719635974e-03
9.508827144129717137e-04
8.689826891941705060e-04
8.089813139350328754e-04
7.694599433407222754e-04
7.490712370469197702e-04
7.469034717116214113e-04
7.625362531762572673e-04
7.958085037566600380e-04
8.461811939276869463e-04
9.114450401507224672e-04
9.855520353499000897e-04
1.056007962168071428e-03
1.103148547486068609e-03
1.105542795324222219e-03
1.052280875353262804e-03
9.522565386580689531e-04
8.289743066676251134e-04
7.061511928841253611e-04
5.984432073605653940e-04
5.112112762530150603e-04
4.442324781891578925e-04
3.950490378284153862e-04
3.608595885346031003e-04
3.393225025626266881e-04
3.287939011420655034e-04
3.283177371010198770e-04
3.374874827711823815e-04
3.561437031207211057e-04
3.837092706939966048e-04
4.177937076070810190e-04
4.518340124173903286e-04
4.730677151349351318e-04
4.656339779535266640e-04
4.223999248942472413e-04
3.541784482268895470e-04
2.811160045837809290e-04
2.176699818143241290e-04
1.685328331108313445e-04
1.326177480195252483e-04
1.070766219920668631e-04
8.918017609285692679e-05
7.683796015222019182e-05
6.859488741078792039e-05
6.349979471036740165e-05
6.098071701492525275e-05
6.075965488120069224e-05
6.280908321545076675e-05
6.734740287740228744e-05
7.487322914396687577e-05
8.624224987705287888e-05
1.027903522233958593e-04
1.264909555395988519e-04
1.600690605679970849e-04
2.067965712661824741e-04
2.692390796740556035e-04
3.457001226400407013e-04
4.243918279514658875e-04
4.820365438838576872e-04
4.978741309251065146e-04
4.725849312493346586e-04
4.249211075093854337e-04
3.736415395684767812e-04
3.289148503730788945e-04
2.940376782734791883e-04
2.690809046882477562e-04
2.531533737374110755e-04
2.453992681758592723e-04
2.453656548396631189e-04
2.531334969329157190e-04
2.693885980196673857e-04
2.954963051567703679e-04
3.335815066661939211e-04
3.865506894083988484e-04
4.578760366764764362e-04
5.507478213829220502e-04
6.659363988116323747e-04
7.978366431881112877e-04
9.299404849295550383e-04
1.035068110535850754e-03
1.086673254343021276e-03
1.075877817227944211e-03
1.016439906660898109e-03
9.327920702115325476e-04
8.460863627177407338e-04
7.689624631353762828e-04
7.069761957373715171e-04
6.616581400029273013e-04
6.328506551361792612e-04
6.200396218181569328e-04
6.230082058395292142e-04
6.421216903799410953e-04
6.784103522011145776e-04
7.334903617842887785e-04
8.092556878466297416e-04
9.071766756371881131e-04
1.026988461553311575e-03
1.164686260544028039e-03
1.310322276873955236e-03
1.447194369148186799e-03
1.554715321284455337e-03
1.615516762835421350e-03
1.623031886967046724e-03
1.583808936519418356e-03
1.513115096822605695e-03
1.428038277246443865e-03
1.342669277958001344e-03
1.266574834531308986e-03
1.205380720449201635e-03
1.162041057552910296e-03
1.138006135972445760e-03
1.134040379820071666e-03
1.150685706401785840e-03
1.188419171076192729e-03
1.247530985218499181e-03
1.327716135086758021e-03
1.427374482475438425e-03
1.542696472511065082e-03
1.666809538141110882e-03
1.789525942737758444e-03
1.898336952356379772e-03
1.980893664271504186e-03
2.028260265226796734e-03
2.037409736782560318e-03
2.011681387785279121e-03
1.959179141938042611e-03
1.890208849060913366e-03
1.814979849190210106e-03
1.742193861399548649e-03
1.678521040157670034e-03
1.628668513502081134e-03
1.595724815766700255e-03
1.581550345337811659e-03
1.587076787334838800e-03
1.612445656838071024e-03
1.656962160402257554e-03
1.718882509942160465e-03
1.795108075231727869e-03
1.880932617834418482e-03
1.970052052323084581e-03
2.055034163423768295e-03
2.128294190839506283e-03
2.183358548422354231e-03
2.215989919359011903e-03
2.224779948902005228e-03
2.211088226231755060e-03
2.178499800062833232e-03
2.132083603852540348e-03
2.077661001069499268e-03
2.021175649203536470e-03
1.968192718162061622e-03
1.923542975090262314e-03
1.891117915727147207e-03
1.873794337846368526e-03
1.873434258130462094e-03
1.890890464934387970e-03
1.925958798362369453e-03
1.977253753403526628e-03
2.042038823671249621e-03
2.116107656915686662e-03
2.193863457610929941e-03
2.268740245243982233e-03
2.334010422769122739e-03
2.383840523296024052e-03
2.414288809909646404e-03
2.423915261558328826e-03
2.413835347846563645e-03
2.387284782724768181e-03
2.348916009876963768e-03
2.304055563604004778e-03
2.258068619235735399e-03
2.215886690690992058e-03
2.181697145070072077e-03
2.158765514767774403e-03
2.149348925911318681e-03
2.154655630648901268e-03
2.174813820110455074e-03
2.208834864272348365e-03
2.254589247545930354e-03
2.308848105475535921e-03
2.367462087283326265e-03
2.425731571608388207e-03
2.478958321914503590e-03
2.523078711176590487e-03
2.555214681056231039e-03
2.573991118118517871e-03
2.579558770450281723e-03
2.573373239628079425e-03
2.557845016236282715e-03
2.535969406241241932e-03
2.510996765027028853e-03
2.486156271887582109e-03
2.464424149837405719e-03
2.448327091927494838e-03
2.439779552090305757e-03
2.439959349249025324e-03
2.449228421717086508e-03
2.467107861371533196e-03
2.492320091179636016e-03
2.522912823739386148e-03
2.556472564743870763e-03
2.590415422543492375e-03
2.622313831061080878e-03
2.650193681795344914e-03
2.672734559067356172e-03
2.689333329456476771e-03
2.700036869466506013e-03
2.705389720087247093e-03
2.706257798619594174e-03
2.703677196448128848e-03
2.698749564062035648e-03
2.692578865565043410e-03
2.686229316606345788e-03
2.680683571769577975e-03
2.676789678546009476e-03
2.675198298432737883e-03
2.676302265684083869e-03
2.680195328352093145e-03
2.686665250100678422e-03
2.695229550398499721e-03
2.705212121035242834e-03
2.715848363823422651e-03
2.726398348887272474e-03
2.736244711731442968e-03
2.744956170818550062e-03
2.752307620692622143e-03
2.758260043372472072e-03
2.762913304404856444e-03
2.766449001684844356e-03
2.769078533783235832e-03
2.771005604051690174e-03
2.772405586555164603e-03
2.773419023040238612e-03
2.774154062655177517e-03
2.774692663770291813e-03
2.775096890073591987e-03
2.775413573540825522e-03
2.775677191487056078e-03
2.775911651412154950e-03
2.776131815997972575e-03
2.776345283869876331e-03
2.776554486617472100e-03
2.776758821175482044e-03
2.776956429633613103e-03
2.777145351900548158e-03
2.777324006104205534e-03
2.777491168608264491e-03
2.777645736837641276e-03
2.777786537368164693e-03
2.777912325611709473e-03
2.778021981290236010e-03
2.778114800012295924e-03
2.778190748150130649e-03
2.778250580545081963e-03
2.778295787395567654e-03
2.778328401588583615e-03
2.778350735677521249e-03
2.778365121960604898e-03
2.778373708270353605e-03
2.778378331600211883e-03
2.778380465415338646e-03
2.778381221749839317e-03
2.778381386237929133e-03
2.778381468751208762e-03
2.778381758957556430e-03
2.778382381188400103e-03
2.778383345448188439e-03
2.778384592113527108e-03
2.778386028246066820e-03
2.778387554285248126e-03
2.778389081160290326e-03
2.778390539090997910e-03
